2739.2188	-9.2	8.8	slit
3052.1609 	42.5 	6.3 	slit
3162.1789 	31.6 	6.0 	slit
3366.3486 	-38.8 	6.0 	slit
3403.3274 	4.1 	6.0 	slit
3424.2161 	-1.4 	34.5 	slit
3427.2885 	-53.0 	6.1 	slit
3449.1277 	-16.1 	5.5 	slit
3470.2146 	19.1 	9.6 	slit
3498.9478 	33.1 	8.9 	slit
3501.1900 	68.8 	5.3 	slit
3520.1186 	-90.8 	4.5 	slit
3526.0400 	-26.4 	11.1 	slit
3579.9676 	-49.3 	16.2 	slit
3579.9858 	-37.9 	74.6 	slit
3580.0726 	-31.7 	10.7 	slit
3607.9923 	-10.5 	6.4 	slit
3744.3570 	74.7 	5.4 	slit
4114.3800 	2.2 	6.1 	slit
4495.3416 	-72.4 	5.7 	slit
4497.3070 	-51.8 	5.6 	slit
4589.1246 	-9.2 	5.6 	slit
4677.0287 	-33.7 	5.2 	slit
4855.3588 	-11.5 	5.5 	slit
5233.2323 	35.9 	5.0 	slit
5348.1230 	-24.9 	4.4 	slit
5613.2744 	-119.7 	5.3 	slit
5657.1536 	61.5 	5.5 	slit
5672.2214 	-28.0 	5.4 	fiber
5696.2586 	38.2 	4.9 	fiber
5700.0613 	6.4 	4.6 	fiber
6061.0646 	-8.5 	5.0 	slit
6415.1034 	36.5 	6.7 	slit
6418.0841 	74.4 	5.1 	slit
6437.1478 	-1.7 	4.2 	slit
6437.1587 	-15.9 	4.8 	slit
6437.1871 	-12.2 	4.0 	slit
6437.1982 	-7.8 	4.7 	slit
6437.2105 	-10.9 	5.6 	slit
6437.2250 	-6.5 	5.2 	slit
6438.0264 	8.5 	4.5 	slit
6438.0342 	-3.7 	5.5 	slit
6438.0413 	-1.3 	5.5 	slit
6438.1491 	-41.3 	4.6 	slit
6438.2295 	-25.6 	5.4 	slit
6438.2404 	-22.8 	6.0 	slit
6439.0298 	-32.6 	4.9 	slit
6439.0756 	-25.6 	4.6 	slit
6443.2358 	22.8 	4.6 	fiber
6444.0719 	19.0 	5.0 	fiber
6447.0866 	60.6 	3.6 	slit
6448.1481 	59.3 	4.3 	slit
6450.0618 	86.6 	4.4 	slit
6451.1075 	48.0 	5.4 	slit
6493.0367 	-84.3 	6.3 	fiber
6507.0142 	21.1 	5.2 	slit
6507.9937 	43.8 	5.4 	slit
6514.0005 	45.7 	6.5 	fiber
6515.9693 	-3.9 	6.1 	fiber
6518.9950 	-34.0 	6.2 	fiber
6524.9546 	-76.8 	6.7 	fiber
6552.9165 	-49.3 	5.5 	fiber
6553.9364 	-91.3 	5.1 	fiber
6579.8965 	4.8 	7.2 	slit
6619.3720 	-13.1 	5.8 	slit
6625.3720 	3.7 	6.1 	fiber
6628.3815 	69.2 	5.8 	fiber
6648.3549 	-116.3 	6.5 	fiber
6649.3376 	-101.8 	5.0 	fiber
6664.2490 	44.7 	5.5 	fiber
6673.3264 	-61.7 	5.2 	fiber
6679.2863 	-111.8 	6.4 	fiber
6680.3168 	-108.1 	5.8 	fiber
6681.3428 	-66.3 	5.2 	fiber
6697.2908 	11.8 	5.8 	fiber
6714.2454 	-36.8 	8.9 	fiber
6727.2021 	18.8 	4.9 	fiber
6730.1927 	8.8 	5.1 	fiber
6731.2417 	1.6 	4.9 	fiber
6732.1911 	-44.4 	4.1 	fiber
6735.1502 	-60.6 	4.7 	fiber
6737.2541 	-47.8 	4.8 	fiber
6738.3243 	-13.1 	4.3 	fiber
6741.2762 	4.4 	5.8 	slit
6752.1677 	102.6 	7.9 	slit
6754.1412 	30.5 	6.2 	slit
6755.1779 	57.5 	5.3 	fiber
6761.2594 	30.8 	5.0 	fiber
6767.1569 	-20.8 	6.3 	fiber
6778.2583 	57.5 	6.5 	fiber
6781.1202 	81.0 	7.0 	fiber
6786.0734 	59.1 	5.5 	fiber
6787.2169 	46.3 	5.3 	fiber
6799.1570 	-58.5 	4.2 	slit
6800.1669 	-72.1 	4.8 	slit
6800.1773 	-60.5 	5.2 	slit
6812.1367 	59.2 	9.2 	fiber
6816.0439 	67.4 	8.8 	slit
6817.0950 	33.3 	4.5 	slit
6856.0603 	-89.1 	5.9 	fiber
6857.0798 	-65.8 	29.4 	fiber
6861.0897 	-71.3 	8.1 	fiber
6863.0125 	-66.1 	7.0 	fiber
6886.9799 	-3.9 	6.9 	fiber
6890.9640 	-34.2 	7.1 	slit
6907.9637 	32.6 	5.6 	fiber
6946.9062 	-56.3 	6.5 	fiber
7000.3842 	-26.5 	5.4 	fiber
7005.3059 	-37.2 	6.0 	fiber
7006.3096 	-74.1 	15.4 	fiber
7017.2933 	27.4 	5.2 	fiber
7027.2906 	64.6 	4.7 	fiber
7051.2568 	36.6 	5.3 	slit
7051.3171 	49.6 	5.1 	slit
7054.2266 	51.5 	6.5 	fiber
7066.1502 	-17.8 	5.9 	fiber
7067.2678 	-48.1 	4.1 	fiber
7091.2732 	44.7 	5.0 	fiber
7092.3201 	30.3 	4.2 	fiber
7107.3058 	23.9 	3.2 	fiber
7124.2371 	-24.2 	4.9 	fiber
7128.0970 	-73.5 	5.4 	fiber
7134.1201 	-85.5 	5.9 	slit
7136.1761 	-27.0 	4.9 	slit
7140.1504 	-19.6 	5.7 	fiber
7169.1131 	-2.2 	4.8 	fiber
7171.2232 	-11.7 	5.9 	fiber
7172.0931 	23.9 	5.9 	fiber
7174.0987 	31.6 	5.4 	fiber
7174.1607 	14.4 	5.2 	fiber
7175.0015 	34.1 	6.9 	fiber
7234.0204 	90.4 	3.9 	slit
7236.0560 	21.1 	6.0 	fiber
7236.9518 	45.4 	6.0 	fiber
7237.0353 	65.5 	5.2 	fiber
7237.1004 	87.8 	6.4 	fiber
7237.9748 	84.3 	6.5 	fiber
7238.0797 	52.6 	7.8 	fiber
7245.9833 	-47.8 	12.1 	fiber
7261.9322 	1.4 	5.9 	fiber
7283.9374 	-86.6 	5.1 	fiber
7361.3642 	50.7 	5.7 	fiber
7378.3169 	-48.9 	5.4 	fiber
7392.3057 	29.4 	5.0 	fiber
7403.3149 	-72.4 	5.0 	fiber
7424.3562 	66.5 	4.7 	fiber
7508.2007 	108.4 	5.7 	fiber
7523.1142 	-64.3 	5.5 	fiber
7542.1946 	59.0 	5.6 	fiber